# aero/thrust parameters
model/cD0: 0.136022235375284
model/cDa: -0.673702786581529
model/cDa2: 5.45456589719510
model/cL0: 0.212657549371211
model/cLa: 10.8060289182568
model/cLa2: -46.8323561880705
model/cLa3: 60.6017115061355
model/cLq: 0.0
model/cLde: 0.000254633793874372
model/cm0: 0.0435007528360901
model/cma: -2.96903143325122
model/cmq: -106.154115386179
model/cmde: -6.13078257823941
model/cT0: 0.0
model/cT1: 14.7217343655508
model/cT2: 0.0
model/tauT: 0.0880000000000000
model/clb: -0.0154186740460301
model/clp: -0.164692484392609
model/clr: 0.0116850531725225
model/clda: 0.0570000000000000
model/cYb: -0.307330834028566
model/cnb: 0.0429867867785536
model/cnp: -0.0838525811770174
model/cnr: -0.0826784989984419
model/cndr: 0.0600000000000000

# geometry
model/S_wing: 0.47
model/b_wing: 2.59
model/c_chord: 0.18
model/i_thrust: 0.0

# mass/inertia
model/mass: 2.65
model/Ixx: 0.16632
model/Iyy: 0.3899
model/Izz: 0.5243
model/Ixz: 0.0755
